(1)auc = 0.764
--maxIter 20 \
--maxDepth  10 \
--minInfoGain 0 \
--minInstancesPerNode 50 \
test rawPrediction_1_desc
test rawPrediction_1_desc:label=1
+-------+-------------------+
|summary|    rawPrediction_1|
+-------+-------------------+
|  count|             683615|
|   mean|-0.6751253109020317|
| stddev|  0.771412036396273|
|    min|-1.4680527719297551|
|    max| 1.8004009196992001|
+-------+-------------------+

test rawPrediction_1_desc:label=0
+-------+-------------------+
|summary|    rawPrediction_1|
+-------+-------------------+
|  count|          250182479|
|   mean|-1.1754938942306952|
| stddev| 0.2604060350756731|
|    min|-1.9632028944578306|
|    max|  2.005367112766497|
+-------+-------------------+

test AUC: 0.764454
统计test_predictions_label_bin中各个bin的cr
+---------+---------+---------------+--------+---------+---------+---------+
|label_bin|label_cnt|bin_label_1_cnt|bin_cr  |avg_score|max_score|min_score|
+---------+---------+---------------+--------+---------+---------+---------+
|1        |5000000  |137408         |0.027482|-0.325632|2.005367 |-0.453426|
|2        |5000000  |49044          |0.009809|-0.515921|-0.453426|-0.573309|
|3        |5000000  |43515          |0.008703|-0.617042|-0.573309|-0.64706 |
|4        |5000000  |33826          |0.006765|-0.666766|-0.64706 |-0.68435 |
|5        |5000000  |31765          |0.006353|-0.709244|-0.68435 |-0.736337|
|6        |5000000  |27766          |0.005553|-0.763581|-0.736337|-0.788038|
|7        |5000000  |25349          |0.00507 |-0.817446|-0.788038|-0.842549|
|8        |5000000  |22097          |0.004419|-0.862879|-0.842549|-0.885221|
|9        |5000000  |19816          |0.003963|-0.906616|-0.885221|-0.927668|
|10       |5000000  |17202          |0.00344 |-0.947892|-0.927668|-0.968114|
|11       |5000000  |16535          |0.003307|-0.992603|-0.968114|-1.014811|
|12       |5000000  |14427          |0.002885|-1.0341  |-1.014811|-1.052699|
|13       |5000000  |13359          |0.002672|-1.07019 |-1.052699|-1.087159|
|14       |5000000  |12466          |0.002493|-1.102298|-1.087159|-1.116605|
|15       |5000000  |11409          |0.002282|-1.130339|-1.116605|-1.143555|
|16       |5000000  |11029          |0.002206|-1.156033|-1.143555|-1.16759 |
|17       |5000000  |10594          |0.002119|-1.178654|-1.16759 |-1.189081|
|18       |5000000  |10107          |0.002021|-1.198973|-1.189081|-1.208636|
|19       |5000000  |9760           |0.001952|-1.217364|-1.208636|-1.225261|
|20       |5000000  |8713           |0.001743|-1.232111|-1.225261|-1.238445|
+---------+---------+---------------+--------+---------+---------+---------+
(2)train AUC: 0.763761   test AUC: 0.759552
--maxIter 40 \
--maxDepth  5 \
--minInfoGain 0 \
--minInstancesPerNode 50 \
test rawPrediction_1_desc
test rawPrediction_1_desc:label=1
+-------+-------------------+
|summary|    rawPrediction_1|
+-------+-------------------+
|  count|             683615|
|   mean|-0.7321426276871172|
| stddev| 0.8170345714181634|
|    min|-1.6544334492029262|
|    max|  2.005414170284445|
+-------+-------------------+

test rawPrediction_1_desc:label=0
+-------+-------------------+
|summary|    rawPrediction_1|
+-------+-------------------+
|  count|          250182479|
|   mean| -1.274593015459076|
| stddev| 0.3072383506096655|
|    min|-2.1880887661804516|
|    max| 1.9639112510722228|
+-------+-------------------+

test AUC: 0.759552
统计test_predictions_label_bin中各个bin的cr
+---------+---------+---------------+--------+---------+---------+---------+
|label_bin|label_cnt|bin_label_1_cnt|bin_cr  |avg_score|max_score|min_score|
+---------+---------+---------------+--------+---------+---------+---------+
|1        |5000000  |136586         |0.027317|-0.387515|2.005414 |-0.500176|
|2        |5000000  |45644          |0.009129|-0.541104|-0.500176|-0.585854|
|3        |5000000  |38169          |0.007634|-0.645746|-0.585854|-0.676379|
|4        |5000000  |38628          |0.007726|-0.702171|-0.676379|-0.718103|
|5        |5000000  |33517          |0.006703|-0.732453|-0.718103|-0.75571 |
|6        |5000000  |25737          |0.005147|-0.780862|-0.75571 |-0.807026|
|7        |5000000  |25485          |0.005097|-0.828762|-0.807026|-0.848533|
|8        |5000000  |21988          |0.004398|-0.866752|-0.848533|-0.886917|
|9        |5000000  |19044          |0.003809|-0.899786|-0.886917|-0.908411|
|10       |5000000  |18171          |0.003634|-0.93395 |-0.908411|-0.95928 |
|11       |5000000  |15644          |0.003129|-0.985762|-0.95928 |-1.012192|
|12       |5000000  |14626          |0.002925|-1.039703|-1.012192|-1.065549|
|13       |5000000  |13408          |0.002682|-1.090741|-1.065549|-1.115484|
|14       |5000000  |12425          |0.002485|-1.138695|-1.115484|-1.161402|
|15       |5000000  |12017          |0.002403|-1.184037|-1.161402|-1.207632|
|16       |5000000  |11683          |0.002337|-1.229683|-1.207632|-1.251337|
|17       |5000000  |11029          |0.002206|-1.270781|-1.251337|-1.288075|
|18       |5000000  |10418          |0.002084|-1.303024|-1.288075|-1.316216|
|19       |5000000  |9314           |0.001863|-1.327001|-1.316216|-1.336894|
|20       |5000000  |9157           |0.001831|-1.347361|-1.336894|-1.35733 |
+---------+---------+---------------+--------+---------+---------+---------+

(3)  train AUC: 0.770327  test AUC: 0.765487
--maxIter 30 \
--maxDepth  10 \
--minInfoGain 0 \
--minInstancesPerNode 100 \
test rawPrediction_1_desc
test rawPrediction_1_desc:label=1
+-------+-------------------+
|summary|    rawPrediction_1|
+-------+-------------------+
|  count|             683615|
|   mean| -0.691366691995099|
| stddev| 0.8293322637065687|
|    min|-1.6554114879257302|
|    max|  2.040587061381264|
+-------+-------------------+

test rawPrediction_1_desc:label=0
+-------+-------------------+
|summary|    rawPrediction_1|
+-------+-------------------+
|  count|          250182479|
|   mean|-1.2430296045722082|
| stddev|0.29486400375181077|
|    min|-2.0877038447187393|
|    max| 1.9640412111404837|
+-------+-------------------+

test AUC: 0.765487
统计test_predictions_label_bin中各个bin的cr
+---------+---------+---------------+--------+---------+---------+---------+
|label_bin|label_cnt|bin_label_1_cnt|bin_cr  |avg_score|max_score|min_score|
+---------+---------+---------------+--------+---------+---------+---------+
|1        |5000000  |138070         |0.027614|-0.31825 |2.040587 |-0.449302|
|2        |5000000  |50446          |0.010089|-0.509591|-0.449302|-0.568856|
|3        |5000000  |42475          |0.008495|-0.609805|-0.568856|-0.649181|
|4        |5000000  |36053          |0.007211|-0.670369|-0.649181|-0.690315|
|5        |5000000  |31323          |0.006265|-0.720511|-0.690315|-0.749435|
|6        |5000000  |27496          |0.005499|-0.775043|-0.749435|-0.802721|
|7        |5000000  |24559          |0.004912|-0.831414|-0.802721|-0.857172|
|8        |5000000  |21788          |0.004358|-0.880627|-0.857172|-0.904921|
|9        |5000000  |19500          |0.0039  |-0.928995|-0.904921|-0.953965|
|10       |5000000  |17341          |0.003468|-0.974675|-0.953965|-0.999155|
|11       |5000000  |16132          |0.003226|-1.023634|-0.999155|-1.047402|
|12       |5000000  |14379          |0.002876|-1.06899 |-1.047402|-1.089459|
|13       |5000000  |13383          |0.002677|-1.109522|-1.089459|-1.128504|
|14       |5000000  |12246          |0.002449|-1.146196|-1.128504|-1.163238|
|15       |5000000  |11517          |0.002303|-1.179217|-1.163238|-1.194552|
|16       |5000000  |11157          |0.002231|-1.208803|-1.194552|-1.222716|
|17       |5000000  |10744          |0.002149|-1.23587 |-1.222716|-1.24844 |
|18       |5000000  |9777           |0.001955|-1.259747|-1.24844 |-1.270661|
|19       |5000000  |9625           |0.001925|-1.28084 |-1.270661|-1.29046 |
|20       |5000000  |8853           |0.001771|-1.298757|-1.29046 |-1.306757|
+---------+---------+---------------+--------+---------+---------+---------+


(3)  train AUC: 0.776934  test AUC:   0.768330
--maxIter 35 \
--maxDepth  15 \
--minInfoGain 0 \
--minInstancesPerNode 200 \

test rawPrediction_1_desc
test rawPrediction_1_desc:label=1
+-------+-------------------+
|summary|    rawPrediction_1|
+-------+-------------------+
|  count|             683615|
|   mean|-0.6876554917104892|
| stddev| 0.8568281099593461|
|    min|-1.7115709659406757|
|    max| 2.1170301543061516|
+-------+-------------------+

test rawPrediction_1_desc:label=0
+-------+-------------------+
|summary|    rawPrediction_1|
+-------+-------------------+
|  count|          250182479|
|   mean|-1.2717171652218273|
| stddev| 0.3144983107179966|
|    min|-2.0065176227711663|
|    max| 2.2769716032439176|
+-------+-------------------+

test AUC: 0.768330
统计test_predictions_label_bin中各个bin的cr
+---------+---------+---------------+--------+---------+---------+---------+
|label_bin|label_cnt|bin_label_1_cnt|bin_cr  |avg_score|max_score|min_score|
+---------+---------+---------------+--------+---------+---------+---------+
|1        |5000000  |140502         |0.0281  |-0.285543|2.276972 |-0.433446|
|2        |5000000  |51925          |0.010385|-0.488522|-0.433446|-0.537211|
|3        |5000000  |41447          |0.008289|-0.577425|-0.537211|-0.616605|
|4        |5000000  |35894          |0.007179|-0.652327|-0.616605|-0.679016|
|5        |5000000  |31815          |0.006363|-0.714012|-0.679016|-0.75165 |
|6        |5000000  |27717          |0.005543|-0.782663|-0.75165 |-0.813056|
|7        |5000000  |24013          |0.004803|-0.846476|-0.813056|-0.877952|
|8        |5000000  |21984          |0.004397|-0.902029|-0.877952|-0.927612|
|9        |5000000  |19066          |0.003813|-0.951325|-0.927612|-0.97651 |
|10       |5000000  |17372          |0.003474|-1.00018 |-0.97651 |-1.024977|
|11       |5000000  |15731          |0.003146|-1.049195|-1.024977|-1.073003|
|12       |5000000  |14632          |0.002926|-1.095004|-1.073003|-1.116078|
|13       |5000000  |13151          |0.00263 |-1.134585|-1.116078|-1.152398|
|14       |5000000  |12605          |0.002521|-1.169446|-1.152398|-1.185953|
|15       |5000000  |11652          |0.00233 |-1.201457|-1.185953|-1.216432|
|16       |5000000  |11103          |0.002221|-1.230321|-1.216432|-1.243704|
|17       |5000000  |10412          |0.002082|-1.256324|-1.243704|-1.268388|
|18       |5000000  |9924           |0.001985|-1.279362|-1.268388|-1.290039|
|19       |5000000  |9262           |0.001852|-1.300249|-1.290039|-1.310119|
|20       |5000000  |8740           |0.001748|-1.319264|-1.310119|-1.327908|
+---------+---------+---------------+--------+---------+---------+---------+

